2 15
8 6
8 7
2 16
1 8
2 8
3 15
1 3
1 4
1 5
4 22
1 6
2 5
2 6
3 5
2 17
9 8
9 9
3 8
4 6
5 6
3 6
3 13
5 2
5 3
6 2
3 9
4 4
3 3
3 4
3 20
7 6
7 7
6 6
3 17
4 8
5 7
5 8
4 25
2 1
2 2
3 1
3 2
4 27
7 1
8 1
6 1
9 1
3 6
7 2
7 3
6 3
3 13
9 5
9 6
9 7
3 20
4 7
3 7
3 8
2 14
4 2
4 3
2 17
2 3
2 4
2 16
8 3
9 3
3 17
4 5
5 5
6 5
2 6
6 7
6 8
2 12
5 9
6 9
2 8
8 2
9 2
2 6
4 1
5 1
3 20
7 4
5 4
6 4
4 10
7 5
8 4
8 5
9 4
4 15
1 9
4 9
2 9
3 9
2 3
1 1
1 2
2 4
1 7
2 7
4 14
7 8
7 9
8 8
8 9